Close,5D MA,10D MA,20D MA,30D MA
0.39564499999999997,0.394913,0.388782,0.381229,0.401928
0.398938,0.394432,0.389448,0.383579,0.40176999999999996
0.401265,0.39318600000000004,0.390113,0.385474,0.39561199999999996
0.405121,0.396294,0.39215700000000003,0.388073,0.41771899999999995
0.40591900000000003,0.399136,0.393445,0.390328,0.412566
0.407681,0.401663,0.394933,0.39132,0.410738
0.408078,0.403508,0.39626,0.39214499999999997,0.40375700000000003
0.409142,0.405204,0.397158,0.392727,0.400931
0.407048,0.406085,0.398878,0.393602,0.40724699999999997
0.404721,0.40531999999999996,0.39973400000000003,0.393785,0.400931
0.40369,0.405686,0.40029899999999996,0.394417,0.405585
0.404688,0.406383,0.400407,0.39509299999999997,0.40874299999999997
0.406383,0.407763,0.400474,0.395996,0.409408
0.407513,0.407281,0.401787,0.397198,0.41289899999999996
0.41136999999999996,0.408045,0.403591,0.398312,0.420213
0.41456099999999996,0.40912600000000005,0.40539400000000003,0.39966399999999996,0.42154300000000006
0.41758599999999996,0.411137,0.407323,0.401219,0.42386999999999997
0.420944,0.41366400000000003,0.409434,0.40266,0.42619700000000005
0.418883,0.41319799999999995,0.409641,0.40365100000000004,0.402593
0.416124,0.41374700000000003,0.409533,0.404405,0.406416
0.414495,0.41452799999999995,0.41010699999999994,0.405042,0.41339799999999993
0.40987399999999996,0.41373000000000004,0.41005699999999995,0.404848,0.400765
0.404854,0.41289899999999996,0.41033100000000006,0.404616,0.401097
0.404721,0.41180200000000006,0.409541,0.405125,0.401928
0.40365700000000004,0.40989,0.408968,0.40569099999999997,0.401097
0.40119699999999997,0.407846,0.408486,0.406211,0.401097
0.401562,0.40571799999999997,0.408428,0.40678800000000004,0.402593
0.402294,0.403574,0.408619,0.40748,0.404754
0.405053,0.404887,0.409043,0.408057,0.415725
0.407945,0.405801,0.40977399999999997,0.408289,0.415559
0.411004,0.4061,0.410314,0.408771,0.41639
0.413963,0.407763,0.410746,0.409292,0.417387
0.415725,0.409009,0.410954,0.40989,0.41356400000000004
0.414894,0.409973,0.41088800000000003,0.409685,0.41156899999999996
0.41519300000000003,0.41156899999999996,0.41073000000000004,0.40983500000000006,0.417055
0.413763,0.41238400000000003,0.41011499999999995,0.409785,0.409242
0.41412899999999997,0.414046,0.40988199999999997,0.4103,0.41921499999999995
0.41632299999999994,0.416024,0.40979899999999997,0.411087,0.42453500000000005
0.41974700000000004,0.41731999999999997,0.41110399999999997,0.41180200000000006,0.42868999999999996
0.423471,0.419332,0.412566,0.41296000000000005,0.435672
0.430751,0.422257,0.414179,0.41429499999999997,0.44564499999999996
0.438697,0.426413,0.417088,0.415969,0.45894300000000005
0.44484700000000005,0.43058500000000005,0.41979700000000003,0.417498,0.45528599999999997
0.451064,0.435406,0.42268900000000004,0.41906000000000004,0.45977399999999996
0.45731400000000005,0.440392,0.42598100000000005,0.420617,0.466922
0.463697,0.44722399999999995,0.429804,0.422484,0.47756000000000004
0.467154,0.452926,0.433486,0.42423,0.47623000000000004
0.472307,0.45857700000000007,0.437301,0.426058,0.481051
0.479488,0.465276,0.44129799999999997,0.42916099999999996,0.49567799999999995
0.48307799999999995,0.470196,0.44476400000000005,0.43177600000000005,0.48487399999999997
0.484142,0.47392,0.448088,0.43409200000000003,0.482879
0.48404300000000006,0.47559799999999997,0.451006,0.436591,0.475731
0.484608,0.47845699999999997,0.454521,0.43935100000000005,0.48387600000000003
0.481084,0.480286,0.45784600000000003,0.441888,0.478059
0.48048500000000005,0.481782,0.46108699999999997,0.44458100000000006,0.481882
0.47815799999999997,0.48115,0.464187,0.44691899999999996,0.471243
0.478624,0.481333,0.467129,0.44943500000000003,0.478059
0.478059,0.481333,0.469955,0.451978,0.481051
0.47868999999999995,0.479887,0.47258100000000003,0.454161,0.481217
0.477926,0.479205,0.47470100000000004,0.456244,0.478059
0.47912200000000005,0.47863999999999995,0.47628000000000004,0.458272,0.47722700000000007
0.47480100000000003,0.47671199999999997,0.476155,0.459574,0.456449
0.47253999999999996,0.47529899999999997,0.47687799999999997,0.46144700000000005,0.469747
0.471642,0.475166,0.47772600000000004,0.46361899999999995,0.476729
0.47277299999999994,0.47534899999999997,0.47856499999999996,0.465841,0.48371000000000003
0.47426899999999994,0.476695,0.47892299999999993,0.46835699999999997,0.48470699999999994
0.48002,0.47741000000000006,0.479372,0.47055600000000003,0.485206
0.472307,0.47242399999999996,0.47687799999999997,0.470778,0.431184
0.464495,0.46806800000000004,0.47397799999999995,0.471077,0.437666
0.44631000000000004,0.459541,0.46937299999999993,0.46964799999999995,0.392786
0.428191,0.45123,0.46493500000000004,0.46793,0.39411599999999997
0.411203,0.445612,0.461162,0.465974,0.400266
0.405053,0.43868,0.45698999999999995,0.464146,0.400432
0.398737,0.431616,0.453391,0.46235600000000004,0.406084
0.401463,0.423886,0.449618,0.46033900000000005,0.406416
0.40581799999999996,0.417005,0.44685,0.458283,0.415891
0.41000699999999995,0.410605,0.444008,0.456449,0.42121000000000003
0.41446099999999997,0.409757,0.44109,0.454505,0.422706
0.41798500000000005,0.40836100000000003,0.43821499999999997,0.45210500000000003,0.423703
0.42057799999999995,0.411021,0.43528100000000003,0.44992200000000004,0.419382
0.422108,0.413963,0.432596,0.44794399999999995,0.423537
0.420828,0.415417,0.430514,0.44591400000000003,0.414811
0.421692,0.41807700000000003,0.428378,0.44401899999999994,0.42702799999999996
0.423255,0.42062,0.42611800000000005,0.442467,0.431516
0.42694499999999996,0.42376199999999997,0.423824,0.440999,0.43783199999999994
0.430967,0.42653800000000003,0.421771,0.440079,0.44365
0.437633,0.42923,0.419918,0.439082,0.44813800000000004
0.440226,0.43095900000000004,0.420358,0.437713,0.439993
0.443384,0.43331899999999995,0.42083999999999994,0.436583,0.44730699999999995
0.44464799999999993,0.435796,0.423408,0.435453,0.44414899999999996
0.446011,0.438489,0.42622600000000005,0.434561,0.45046499999999995
0.448305,0.44296899999999995,0.42919300000000005,0.434666,0.459608
0.45123,0.44572799999999996,0.43190200000000006,0.434162,0.454621
0.454355,0.44887,0.434745,0.43370200000000003,0.46293199999999995
0.457513,0.45108000000000004,0.437421,0.432909,0.45993999999999996
0.45990699999999995,0.452959,0.43974799999999997,0.432167,0.462434
0.457912,0.453108,0.441169,0.43098100000000006,0.44963400000000003
0.457613,0.45442200000000005,0.44269,0.431713,0.453125
0.45555200000000007,0.454953,0.444136,0.43221099999999996,0.45262600000000003
0.454953,0.456233,0.44601499999999994,0.43435,0.45694799999999997
0.451862,0.455884,0.447187,0.436112,0.446975
0.451463,0.45468800000000004,0.44882799999999995,0.437691,0.44764
0.449535,0.453574,0.449651,0.439126,0.443484
0.44414899999999996,0.44985,0.44936000000000004,0.43978,0.42569799999999997
0.437201,0.44607700000000006,0.448579,0.44030600000000003,0.42220699999999994
0.43021899999999996,0.44104099999999996,0.447,0.440179,0.41206800000000005
0.426629,0.439046,0.44607700000000006,0.44046199999999996,0.429688
0.423803,0.436669,0.44554499999999997,0.440683,0.42935500000000004
0.4249,0.434525,0.44473900000000005,0.440933,0.431184
0.42403599999999997,0.43061800000000006,0.44342600000000004,0.44088299999999997,0.417886
0.42416899999999996,0.42719399999999996,0.441539,0.440522,0.412733
0.42480100000000004,0.42571499999999995,0.440201,0.44112399999999996,0.432846
0.423969,0.423886,0.43873,0.44106300000000004,0.425199
0.422108,0.423504,0.43667700000000004,0.440741,0.421875
0.421941,0.42298900000000006,0.434533,0.44004899999999997,0.417055
0.421609,0.422889,0.431965,0.438963,0.41107
0.41369700000000004,0.419249,0.429147,0.437134,0.393285
0.404621,0.41429499999999997,0.42548199999999997,0.435129,0.37982
0.39657600000000004,0.409342,0.421933,0.43293999999999994,0.38164899999999996
0.390858,0.4064,0.418509,0.431084,0.388464
0.388497,0.405053,0.416124,0.42937700000000006,0.399269
0.392254,0.402975,0.41434499999999996,0.42779300000000003,0.41206800000000005
0.396077,0.40034899999999995,0.41211800000000004,0.425936,0.398936
0.40266,0.399618,0.41156099999999995,0.424324,0.41456099999999996
0.408644,0.399751,0.41136999999999996,0.422939,0.41838400000000003
0.411336,0.399917,0.41140299999999996,0.421282,0.412733
0.412866,0.40256,0.410904,0.420285,0.41971400000000003
0.416988,0.406533,0.41041400000000006,0.419166,0.419548
0.419548,0.41110399999999997,0.41022299999999995,0.41832299999999994,0.42736
0.421426,0.41503500000000004,0.410717,0.417351,0.42777600000000005
0.427576,0.41945600000000005,0.41225500000000004,0.417235,0.443484
0.433228,0.423047,0.41301099999999996,0.417246,0.44797200000000004
0.438846,0.427917,0.414133,0.41738400000000003,0.44764
0.442803,0.431175,0.415396,0.418099,0.447141
0.44597700000000007,0.43370200000000003,0.41672600000000004,0.418814,0.44365
0.446875,0.437226,0.418571,0.42001099999999997,0.44797200000000004
0.44757299999999994,0.44040100000000004,0.42148,0.42073599999999994,0.451463
0.448504,0.443675,0.425104,0.421501,0.452294
0.449867,0.44633500000000004,0.42871899999999996,0.42226,0.453956
0.451463,0.44872,0.43187700000000007,0.423385,0.451629
0.45266000000000006,0.44976700000000003,0.434612,0.424759,0.453956
0.45256,0.45006599999999997,0.436557,0.425363,0.45096400000000003
0.45,0.44925200000000004,0.43858500000000006,0.425839,0.43949499999999997
0.44720699999999997,0.44853699999999996,0.439856,0.426443,0.439993
0.44584399999999996,0.448654,0.44117799999999996,0.42736899999999994,0.44481400000000004
0.44401599999999997,0.448338,0.44278199999999995,0.428493,0.44481400000000004
0.443684,0.448122,0.44426099999999996,0.430361,0.44930200000000003
0.44631000000000004,0.448155,0.44591499999999995,0.432788,0.45262600000000003
0.448471,0.44783900000000004,0.447087,0.435093,0.450798
0.450632,0.448238,0.448479,0.437331,0.455618
0.453956,0.44898599999999994,0.449377,0.439403,0.46143599999999996
0.456084,0.449884,0.449975,0.440999,0.45993999999999996
0.457214,0.451762,0.450507,0.44297700000000007,0.45827799999999996
0.459009,0.45374,0.451139,0.444484,0.45977399999999996
0.45877700000000005,0.454704,0.451679,0.445687,0.454455
0.455951,0.454953,0.451646,0.44683900000000004,0.44730699999999995
0.453391,0.454737,0.45143,0.44775299999999996,0.447141
0.451064,0.454139,0.451147,0.44865600000000005,0.446642
0.45089799999999997,0.454953,0.451396,0.449709,0.45894300000000005
0.452028,0.45540200000000003,0.45182,0.450787,0.460106
0.45867700000000006,0.45731400000000005,0.45315,0.45202200000000003,0.48055200000000003
0.46509300000000003,0.459242,0.454563,0.453064,0.47922200000000004
0.47267299999999995,0.46186800000000006,0.45681499999999997,0.454294,0.484541
0.47443500000000005,0.46266599999999997,0.45820299999999997,0.454981,0.467753
0.47443500000000005,0.46323100000000006,0.45896800000000004,0.45553,0.460106
0.471609,0.46514300000000003,0.46004799999999996,0.45614499999999997,0.466423
0.468517,0.466805,0.460771,0.45655500000000004,0.46376300000000004
0.46482700000000005,0.46875,0.46144399999999997,0.45701499999999995,0.46608999999999995
0.464661,0.46954799999999997,0.462251,0.45744700000000005,0.466922
0.465891,0.470163,0.462783,0.457934,0.466257
0.46512600000000004,0.468368,0.462841,0.45822299999999994,0.4626
0.46582399999999996,0.467171,0.46320600000000006,0.458766,0.467254
0.467154,0.465991,0.46393,0.459874,0.472739
0.466656,0.465658,0.46416199999999996,0.460688,0.46442799999999995
0.466789,0.46634,0.464786,0.461425,0.466922
0.468318,0.466722,0.465933,0.46227299999999993,0.470246
0.47141000000000005,0.468617,0.467711,0.463387,0.482713
0.47446800000000006,0.470811,0.46978100000000006,0.464567,0.48803199999999997
0.47964799999999996,0.473152,0.47135,0.465884,0.49032600000000004
0.483005,0.474897,0.47253,0.466821,0.48371000000000003
0.48935500000000004,0.478836,0.473602,0.46817299999999995,0.501995
0.491383,0.481396,0.47428400000000004,0.46926999999999996,0.49285200000000007
0.491017,0.48274300000000003,0.474367,0.47020100000000004,0.486203
0.49142299999999994,0.48553500000000005,0.47559700000000005,0.471287,0.492354
0.49328500000000003,0.488145,0.477242,0.47257200000000005,0.493019
0.49092399999999997,0.49013999999999996,0.47843100000000005,0.47400200000000003,0.49019300000000005
0.490864,0.491124,0.47986999999999996,0.47551499999999997,0.49255299999999996
0.49625,0.493634,0.48222200000000004,0.477732,0.5131319999999999
0.499375,0.495399,0.484275,0.47936599999999996,0.507979
0.500073,0.496679,0.485788,0.48058,0.49650900000000003
0.502434,0.496679,0.48775799999999997,0.48129399999999994,0.501995
0.5035569999999999,0.49721099999999996,0.489304,0.481926,0.498172
0.49926899999999996,0.497759,0.49025100000000005,0.48216400000000004,0.49168900000000004
0.496742,0.49805900000000003,0.49179700000000004,0.483084,0.495346
0.498271,0.499172,0.493659,0.48455200000000004,0.504156
0.501795,0.5021140000000001,0.49612700000000004,0.486325,0.519614
0.505253,0.504405,0.49776400000000004,0.48804899999999996,0.515459
0.509641,0.504455,0.499044,0.489633,0.51363
0.5131979999999999,0.50497,0.500185,0.491174,0.5131319999999999
0.515426,0.506848,0.501764,0.49280799999999997,0.515293
0.514794,0.5082949999999999,0.502487,0.49460299999999996,0.516456
0.5146609999999999,0.509957,0.503584,0.496188,0.514794
0.515359,0.5125,0.50513,0.497667,0.517121
0.516789,0.514993,0.506526,0.499529,0.520279
0.518717,0.5170710000000001,0.5081220000000001,0.501463,0.524934
0.519781,0.5172869999999999,0.5097010000000001,0.5031800000000001,0.521775
0.521509,0.518085,0.511245,0.504538,0.523438
0.523138,0.519249,0.5118520000000001,0.505779,0.525266
0.522839,0.519814,0.512392,0.506728,0.518783
0.521842,0.520279,0.513564,0.5079359999999999,0.519947
0.520578,0.52018,0.5142369999999999,0.5083840000000001,0.515459
0.5220739999999999,0.521792,0.5158739999999999,0.509653,0.530918
0.5245350000000001,0.523836,0.5181680000000001,0.511365,0.537566
0.532945,0.527892,0.521443,0.513648,0.5608380000000001
0.539096,0.530469,0.52377,0.515571,0.5506979999999999
0.54764,0.5341090000000001,0.525698,0.517837,0.558178
0.552493,0.537284,0.5276850000000001,0.519925,0.555186
0.55512,0.5398270000000001,0.5295380000000001,0.521177,0.5506979999999999
0.554754,0.54385,0.531832,0.522878,0.559009
0.555884,0.5474899999999999,0.533885,0.5248729999999999,0.55635
0.5569810000000001,0.552311,0.536245,0.526928,0.563664
0.5569810000000001,0.554737,0.538265,0.528829,0.555186
0.55748,0.5563,0.540068,0.530879,0.553191
0.556383,0.5555680000000001,0.54173,0.532818,0.553524
0.558311,0.557098,0.543783,0.534879,0.565991
0.560505,0.558743,0.546426,0.536713,0.574634
0.56486,0.560921,0.5491020000000001,0.538763,0.576961
0.57234,0.56491,0.552369,0.541329,0.590592
0.580286,0.568334,0.556092,0.543999,0.593251
0.58617,0.572241,0.559865,0.54667,0.5954119999999999
0.58617,0.573338,0.562824,0.548609,0.574634
0.585605,0.575233,0.5649850000000001,0.5505869999999999,0.574136
0.5833109999999999,0.5778260000000001,0.567063,0.552654,0.579122
0.5820810000000001,0.581184,0.568376,0.5548810000000001,0.587101
0.582048,0.584109,0.570603,0.557225,0.595246
0.584142,0.585156,0.57195,0.5593359999999999,0.585106
0.586569,0.586087,0.573504,0.561431,0.58627
0.587633,0.585472,0.575191,0.563403,0.584441
0.5898939999999999,0.585987,0.5771609999999999,0.5660569999999999,0.598404
0.591356,0.5867020000000001,0.579471,0.568811,0.60256
0.589461,0.586802,0.58007,0.570817,0.5756319999999999
0.586303,0.586436,0.580834,0.5721350000000001,0.570479
0.588531,0.588082,0.582954,0.5740689999999999,0.5955779999999999
0.5886640000000001,0.589279,0.5852310000000001,0.575344,0.599069
0.59242,0.591888,0.5879989999999999,0.5776979999999999,0.621343
0.598305,0.5938829999999999,0.5895199999999999,0.5792609999999999,0.605053
0.605718,0.596011,0.5910489999999999,0.581006,0.6075470000000001
0.6056520000000001,0.597091,0.591282,0.582491,0.595246
0.604654,0.596659,0.5913229999999999,0.5836600000000001,0.594082
0.598039,0.595229,0.590966,0.584724,0.5882649999999999
0.59641,0.5973569999999999,0.592079,0.585832,0.596908
0.59109,0.598404,0.59242,0.586691,0.580951
0.589561,0.5976060000000001,0.5928439999999999,0.587838,0.5876
0.588763,0.596709,0.5929939999999999,0.5890569999999999,0.590093
0.58996,0.5939989999999999,0.5929439999999999,0.5899989999999999,0.594249
0.586902,0.5916560000000001,0.592769,0.590232,0.581616
0.586436,0.588763,0.592387,0.590287,0.578624
0.58627,0.587916,0.592503,0.59016,0.586769
0.584408,0.5865859999999999,0.591622,0.5897439999999999,0.580785
0.5829449999999999,0.586453,0.590841,0.589461,0.586935
0.5864689999999999,0.5866859999999999,0.592021,0.5902810000000001,0.5992350000000001
0.593251,0.5898439999999999,0.594124,0.591561,0.612533
0.598471,0.59237,0.594988,0.5926859999999999,0.612866
0.6055520000000001,0.5949800000000001,0.5958439999999999,0.5936560000000001,0.61619
0.613065,0.598005,0.596002,0.594631,0.624501
0.617287,0.601878,0.596767,0.5958060000000001,0.620346
0.614594,0.603923,0.5963430000000001,0.596232,0.599069
0.6087100000000001,0.60359,0.595753,0.5961989999999999,0.583444
0.6026600000000001,0.604106,0.595346,0.595783,0.585938
0.592852,0.602959,0.5947060000000001,0.59488,0.575465
0.584408,0.6008479999999999,0.593767,0.594963,0.578125
0.576961,0.595778,0.592811,0.594675,0.5618350000000001
0.5652590000000001,0.5869850000000001,0.5896779999999999,0.59232,0.524934
0.5537569999999999,0.5782079999999999,0.586594,0.589966,0.528424
0.543384,0.568118,0.583062,0.586708,0.523604
0.533211,0.55881,0.580344,0.5841149999999999,0.527261
0.526562,0.551762,0.577842,0.581483,0.52859
0.526097,0.545678,0.574634,0.5790609999999999,0.522606
0.526496,0.540126,0.572116,0.576939,0.530419
0.527992,0.535688,0.5693229999999999,0.575033,0.531084
0.529987,0.5315989999999999,0.5662229999999999,0.573044,0.537234
0.5344409999999999,0.530502,0.56314,0.572041,0.550864
0.542852,0.534475,0.5607300000000001,0.571277,0.564661
0.5479390000000001,0.5372170000000001,0.557713,0.5701350000000001,0.555851
0.5539890000000001,0.540991,0.554555,0.569038,0.561336
0.55871,0.5443479999999999,0.551579,0.568346,0.5608380000000001
0.560738,0.5475899999999999,0.549676,0.567758,0.561004
0.557114,0.549983,0.5478310000000001,0.5664170000000001,0.546543
0.557879,0.552909,0.5465180000000001,0.565714,0.559674
0.558245,0.556117,0.545903,0.564921,0.5631649999999999
0.559874,0.559292,0.545445,0.563913,0.568983
0.5592090000000001,0.5599729999999999,0.545238,0.562084,0.5576800000000001
0.565924,0.561519,0.5479970000000001,0.5609930000000001,0.58012
0.569016,0.563447,0.5503319999999999,0.559624,0.575133
0.572839,0.565542,0.553266,0.558217,0.582281
0.575465,0.56767,0.556009,0.5569430000000001,0.582114
0.5807180000000001,0.569963,0.5587770000000001,0.556438,0.583943
0.579156,0.5725399999999999,0.561262,0.556067,0.572307
0.578092,0.573554,0.563231,0.55553,0.569814
0.573338,0.573088,0.564603,0.5549649999999999,0.558511
0.570246,0.572856,0.566074,0.554582,0.566656
0.5653590000000001,0.5730390000000001,0.5665060000000001,0.554505,0.559508
0.56393,0.571543,0.566531,0.555846,0.56516
0.5625,0.570296,0.566872,0.556987,0.562666
0.561569,0.567453,0.566498,0.557995,0.553856
0.557713,0.563979,0.565824,0.558666,0.547374
0.553457,0.559408,0.564686,0.558987,0.538231
0.5504319999999999,0.557181,0.56486,0.559901,0.550033
0.5430189999999999,0.552759,0.563157,0.5597409999999999,0.525598
0.536669,0.5491189999999999,0.561104,0.559441,0.522108
0.5335770000000001,0.5456449999999999,0.55925,0.559264,0.5319149999999999
0.536403,0.54493,0.558984,0.559314,0.5523600000000001
0.537367,0.5439,0.557721,0.558987,0.554854
0.541922,0.54247,0.556383,0.558738,0.548371
0.545711,0.54119,0.554322,0.558062,0.541057
0.5444479999999999,0.539013,0.551496,0.556887,0.525598
0.539229,0.537816,0.548612,0.555729,0.526263
0.531582,0.534475,0.545828,0.554732,0.516622
0.529854,0.535888,0.544323,0.554067,0.5397270000000001
0.526463,0.536087,0.542603,0.552765,0.5241020000000001
0.523172,0.53381,0.5397270000000001,0.55077,0.509142
0.5207109999999999,0.5299699999999999,0.53745,0.549313,0.5139630000000001
0.519116,0.525349,0.534624,0.54693,0.508644
0.514129,0.521991,0.532231,0.5449189999999999,0.514794
0.5115689999999999,0.519016,0.530103,0.542553,0.511303
0.5130319999999999,0.5181020000000001,0.5285569999999999,0.540365,0.516456
0.515392,0.5180520000000001,0.527934,0.538425,0.5257649999999999
0.51988,0.5194979999999999,0.526986,0.5370510000000001,0.531084
0.523471,0.5188,0.5273439999999999,0.535816,0.532746
0.526263,0.5189159999999999,0.527502,0.5347069999999999,0.525266
0.527094,0.520063,0.526937,0.533173,0.520612
0.526197,0.520795,0.525382,0.531898,0.521277
0.525598,0.5227390000000001,0.524044,0.530663,0.528092
0.523836,0.523654,0.522822,0.5293720000000001,0.523936
0.525133,0.525698,0.522357,0.5286350000000001,0.531749
0.525332,0.526213,0.522158,0.527776,0.521609
0.521742,0.5239689999999999,0.521011,0.526612,0.503324
0.514628,0.520113,0.519806,0.524695,0.49251999999999996
0.508544,0.5161899999999999,0.5174949999999999,0.523626,0.493517
0.5008640000000001,0.512999,0.515957,0.522667,0.49335100000000004
0.49527899999999997,0.510306,0.515185,0.521393,0.493684
0.49315200000000003,0.507447,0.514121,0.519404,0.49268599999999996
0.49158900000000005,0.503108,0.5129239999999999,0.517066,0.48470699999999994
0.489162,0.498853,0.511253,0.514833,0.481383
0.487367,0.494116,0.509907,0.512943,0.484375
0.489112,0.492196,0.509205,0.51217,0.50241
0.488547,0.490849,0.507409,0.510957,0.48986
0.490076,0.490833,0.505473,0.5101479999999999,0.492354
0.49260299999999996,0.490883,0.503536,0.508624,0.494016
0.495562,0.491464,0.502232,0.507793,0.499169
0.49631000000000003,0.49271099999999995,0.501508,0.5076930000000001,0.50615
0.49923500000000004,0.49389099999999997,0.5006689999999999,0.507378,0.504488
0.501396,0.49573599999999995,0.49942200000000003,0.507195,0.503158
0.50266,0.49763100000000005,0.498242,0.506713,0.500332
0.5026930000000001,0.49912700000000004,0.496622,0.506314,0.49933500000000003
0.4999,0.498105,0.49515,0.505505,0.492188
0.497806,0.498521,0.49468500000000004,0.504446,0.494016
0.500731,0.5010640000000001,0.49594799999999994,0.504003,0.517786
0.50615,0.504405,0.497644,0.503826,0.5274270000000001
0.512699,0.507696,0.49958,0.504053,0.532081
0.520479,0.510189,0.50145,0.504402,0.531084
0.527094,0.51245,0.503171,0.504596,0.527094
0.528291,0.5145109999999999,0.505124,0.504452,0.52377
0.526596,0.516373,0.5070020000000001,0.504286,0.518949
0.524235,0.518467,0.508797,0.503903,0.520279
0.522008,0.521243,0.509674,0.503848,0.519947
0.5204449999999999,0.52377,0.511145,0.50438,0.519282
0.5200130000000001,0.5241520000000001,0.512608,0.50535,0.521609
0.520578,0.523587,0.513996,0.506292,0.521775
0.5197470000000001,0.521991,0.514844,0.507051,0.516124
0.520612,0.52131,0.51575,0.50807,0.524269
0.529887,0.525166,0.518808,0.5105029999999999,0.565658
0.540293,0.530153,0.522332,0.513467,0.573637
0.552094,0.5363359999999999,0.526355,0.51678,0.580785
0.564761,0.542254,0.530361,0.51995,0.579455
0.57633,0.548471,0.5348569999999999,0.522606,0.582114
0.578291,0.554089,0.53893,0.52546,0.575465
0.579289,0.559791,0.541971,0.5283359999999999,0.578624
0.576795,0.564445,0.5440159999999999,0.530812,0.568318
0.5739029999999999,0.569332,0.545662,0.5330060000000001,0.5649930000000001
0.571343,0.573836,0.547573,0.535112,0.569315
0.5692149999999999,0.573753,0.5494600000000001,0.5371229999999999,0.5648270000000001
0.565891,0.5725899999999999,0.551371,0.539085,0.562001
0.5637300000000001,0.570263,0.5533,0.540991,0.557513
0.560505,0.567204,0.554729,0.542642,0.54887
0.556516,0.56393,0.5562,0.5445479999999999,0.5493680000000001
0.553491,0.561353,0.557721,0.546404,0.549701
0.553491,0.5596909999999999,0.5597409999999999,0.547878,0.562001
0.553657,0.558693,0.561569,0.548908,0.558344
0.556616,0.558561,0.5639460000000001,0.5499609999999999,0.563664
0.55984,0.558178,0.5660069999999999,0.551108,0.565492
0.561469,0.55748,0.565617,0.552133,0.557846
0.5587770000000001,0.556134,0.564362,0.552959,0.5485369999999999
0.555685,0.554671,0.562467,0.5537569999999999,0.542886
0.552028,0.554322,0.560763,0.554593,0.545379
0.548836,0.554338,0.559134,0.55558,0.549535
0.545146,0.553308,0.55733,0.55625,0.539395
0.5424869999999999,0.550632,0.555161,0.556704,0.535239
0.542287,0.548986,0.55384,0.557375,0.541888
0.5413899999999999,0.546709,0.552635,0.5582,0.540891
0.542886,0.5458609999999999,0.55202,0.559292,0.5570149999999999
0.547706,0.546426,0.551953,0.5592199999999999,0.563497
0.55512,0.5488029999999999,0.5524680000000001,0.559176,0.572307
0.5625,0.5523939999999999,0.553532,0.559109,0.5787899999999999
0.567786,0.554588,0.554455,0.558705,0.5673199999999999
0.570013,0.556449,0.5553939999999999,0.558239,0.568152
0.570578,0.559142,0.556225,0.557934,0.5663229999999999
0.570711,0.562916,0.556774,0.557746,0.572972
0.571044,0.566772,0.557879,0.55815,0.5804520000000001
0.5758310000000001,0.571809,0.5592590000000001,0.559026,0.5912569999999999
0.579555,0.574784,0.560322,0.559608,0.586769
0.584043,0.577311,0.561868,0.5604060000000001,0.588763
0.58637,0.578541,0.5636720000000001,0.561159,0.584608
0.587932,0.579488,0.565941,0.562184,0.5882649999999999
0.588364,0.582098,0.568343,0.563669,0.593418
0.5914229999999999,0.585489,0.570969,0.565426,0.602061
0.59375,0.588896,0.574019,0.5671149999999999,0.600399
0.598205,0.592287,0.577601,0.568611,0.6068819999999999
0.602394,0.595163,0.580967,0.570307,0.609209
0.60502,0.596692,0.58425,0.571736,0.606549
0.605186,0.598305,0.586544,0.572983,0.602892
0.604953,0.599352,0.588331,0.574363,0.5992350000000001
0.603557,0.600881,0.589711,0.576075,0.5999
0.5999,0.601147,0.590317,0.577676,0.590924
0.598072,0.601546,0.5918220000000001,0.5794100000000001,0.597407
0.596908,0.601047,0.593268,0.5809949999999999,0.597074
0.595745,0.600349,0.5946229999999999,0.582796,0.593418
0.5947140000000001,0.599136,0.595711,0.584779,0.594747
0.5975729999999999,0.598737,0.59695,0.5868909999999999,0.605219
0.609375,0.603723,0.600208,0.590741,0.656416
0.628491,0.612699,0.6055020000000001,0.595263,0.692653
0.644947,0.620346,0.609849,0.599003,0.6756979999999999
0.6613359999999999,0.628025,0.614453,0.602482,0.6766949999999999
0.675233,0.6364029999999999,0.618775,0.605679,0.674701
0.680884,0.64513,0.6233380000000001,0.609591,0.684674
0.677959,0.653225,0.6271359999999999,0.613254,0.678025
0.6770609999999999,0.661004,0.630677,0.61675,0.6712100000000001
0.676529,0.668933,0.634034,0.620119,0.674036
0.673903,0.6745680000000001,0.636652,0.622822,0.661569
0.666888,0.673886,0.6388050000000001,0.624767,0.649601
0.6624,0.67018,0.641439,0.627061,0.6555850000000001
0.659242,0.6681520000000001,0.644249,0.629283,0.655419
0.654721,0.665625,0.646825,0.63151,0.6514300000000001
0.650033,0.661968,0.6491859999999999,0.633173,0.6381319999999999
0.648836,0.657862,0.651496,0.634846,0.643617
0.6424529999999999,0.6524270000000001,0.652826,0.635566,0.62367
0.6354390000000001,0.6473399999999999,0.654172,0.636231,0.620346
0.6300859999999999,0.642404,0.655668,0.636824,0.624668
0.630386,0.640209,0.657389,0.637838,0.639628
0.62992,0.639378,0.656632,0.638996,0.6412899999999999
0.63863,0.6405420000000001,0.655361,0.6411399999999999,0.667221
0.649468,0.6424529999999999,0.655303,0.64365,0.674535
0.656616,0.643351,0.654488,0.645667,0.660406
0.664428,0.647407,0.654688,0.648593,0.67869
0.670578,0.650249,0.6540560000000001,0.65108,0.672041
0.675199,0.6569149999999999,0.654671,0.654189,0.690326
0.677892,0.66368,0.65551,0.657342,0.687999
0.682513,0.669564,0.655984,0.6603,0.683511
0.687566,0.6759970000000001,0.658103,0.663592,0.703956
0.694049,0.6823140000000001,0.660846,0.665193,0.704455
0.700964,0.688082,0.664312,0.6662680000000001,0.7249
0.709309,0.6936,0.668027,0.668068,0.729721
0.717553,0.700033,0.671692,0.66967,0.724734
0.7213430000000001,0.704455,0.6759310000000001,0.671277,0.722906
0.724834,0.709441,0.679845,0.6725180000000001,0.721908
0.725499,0.7132310000000001,0.6850729999999999,0.674191,0.728225
0.725765,0.717537,0.690608,0.676186,0.731051
0.728491,0.723022,0.696293,0.67833,0.738364
0.7333109999999999,0.7273270000000001,0.701662,0.681178,0.747008
0.737899,0.731366,0.7068399999999999,0.684353,0.744847
0.73873,0.732114,0.710098,0.686913,0.73238
0.740891,0.733328,0.713464,0.6897939999999999,0.741855
0.742304,0.7353970000000001,0.717715,0.6929270000000001,0.745429
0.743866,0.738589,0.721522,0.696817,0.7548199999999999
0.745628,0.741764,0.725603,0.700485,0.753657
0.751779,0.745254,0.729243,0.705134,0.7631319999999999
0.756699,0.748795,0.733166,0.710004,0.766456
0.76137,0.751837,0.737429,0.714808,0.768783
0.7617689999999999,0.752817,0.7400720000000001,0.7187140000000001,0.756815
0.763364,0.754496,0.742931,0.722726,0.761636
0.761104,0.756441,0.744278,0.725546,0.7518279999999999
0.755552,0.756125,0.744727,0.727685,0.738697
0.7531909999999999,0.7572810000000001,0.7463390000000001,0.730904,0.756981
0.75738,0.759574,0.749082,0.734206,0.777759
0.7583439999999999,0.760854,0.751309,0.7373529999999999,0.766456
0.761137,0.76112,0.7531869999999999,0.739869,0.765791
0.761735,0.758644,0.7537189999999999,0.741658,0.741689
0.7629319999999999,0.758062,0.754949,0.7443069999999999,0.762965
0.758544,0.757962,0.75539,0.7460359999999999,0.755818
0.754555,0.7564489999999999,0.755473,0.747437,0.746509
0.746975,0.7540560000000001,0.755249,0.747537,0.727892
0.7415229999999999,0.751629,0.753877,0.747027,0.714428
0.728457,0.745695,0.751488,0.746124,0.6976399999999999
0.72367,0.741107,0.750341,0.746423,0.7318819999999999
0.719082,0.7368180000000001,0.748836,0.746479,0.7235699999999999
0.708411,0.727693,0.7444069999999999,0.744689,0.674535
0.7022609999999999,0.721892,0.740268,0.74311,0.6836770000000001
0.700565,0.714511,0.736287,0.74147,0.6891619999999999
0.69242,0.708045,0.733004,0.739608,0.691157
0.6875,0.703291,0.72987,0.738079,0.698969
0.692653,0.7005319999999999,0.727294,0.73701,0.700299
0.695545,0.6989029999999999,0.725266,0.7355520000000001,0.698138
0.69857,0.6995680000000001,0.722631,0.7341810000000001,0.704289
0.697507,0.694963,0.7180350000000001,0.7318819999999999,0.6858380000000001
0.6850729999999999,0.686287,0.711553,0.727986,0.6368020000000001
0.6743020000000001,0.683477,0.705585,0.724097,0.646443
0.666556,0.6810510000000001,0.701471,0.720529,0.659408
0.662866,0.680718,0.697615,0.7177640000000001,0.6858380000000001
0.6620010000000001,0.679754,0.6939,0.715254,0.681516
0.672141,0.678607,0.6909489999999999,0.7127829999999999,0.6875
0.682746,0.678524,0.689528,0.711037,0.699468
0.6907909999999999,0.678674,0.688788,0.709735,0.699634
0.69242,0.677643,0.688605,0.707635,0.693983
0.697407,0.679704,0.687334,0.7052579999999999,0.706449
0.702926,0.687533,0.68691,0.703546,0.715093
0.7059840000000001,0.694365,0.688921,0.7018449999999999,0.714761
0.715226,0.703009,0.69203,0.701984,0.745844
0.7243350000000001,0.708378,0.6945479999999999,0.701202,0.739528
0.732513,0.71496,0.697357,0.70092,0.74734
0.7375,0.720213,0.6994100000000001,0.700704,0.740027
0.740027,0.723005,0.700765,0.700687,0.727394
0.737866,0.726546,0.7026100000000001,0.7013739999999999,0.7350399999999999
0.733777,0.729056,0.703349,0.7020890000000001,0.719082
0.7325470000000001,0.73253,0.706117,0.702399,0.74119
0.735106,0.7363029999999999,0.711918,0.7033739999999999,0.752826
0.7375659999999999,0.738797,0.716581,0.705546,0.739694
0.737965,0.737916,0.7204619999999999,0.707325,0.737035
0.742221,0.737999,0.723188,0.7090310000000001,0.740359
0.743152,0.737849,0.726405,0.710854,0.745844
0.7444810000000001,0.739794,0.730003,0.712871,0.759475
0.7459439999999999,0.741755,0.73238,0.714428,0.747008
0.7490359999999999,0.743501,0.735023,0.71624,0.7524930000000001
0.75236,0.747291,0.738173,0.717996,0.756981
0.753424,0.7482880000000001,0.740409,0.720174,0.751164
0.752161,0.748321,0.742312,0.724053,0.753158
0.753757,0.74985,0.744323,0.727671,0.754987
0.7535569999999999,0.751297,0.744606,0.73074,0.751496
0.753657,0.753009,0.745504,0.733128,0.75748
0.757613,0.7555189999999999,0.746684,0.736109,0.770944
0.76137,0.7567649999999999,0.7482800000000001,0.738924,0.771941
0.769282,0.761519,0.751637,0.742093,0.7945479999999999
0.77141,0.762483,0.752992,0.7441770000000001,0.762134
0.771709,0.762683,0.754987,0.746343,0.758976
0.765459,0.761536,0.754912,0.747451,0.739694
0.759807,0.760588,0.754455,0.748404,0.743684
0.749767,0.759525,0.754688,0.749391,0.744348
0.743717,0.757563,0.75443,0.748925,0.7318819999999999
0.740924,0.756316,0.754663,0.749108,0.745013
0.735572,0.7505149999999999,0.753017,0.747961,0.712932
0.727626,0.743717,0.7502409999999999,0.7467590000000001,0.703956
0.719947,0.734857,0.748188,0.7460439999999999,0.705951
0.71609,0.729904,0.746193,0.745296,0.7126
0.713464,0.727194,0.744938,0.7457229999999999,0.7318819999999999
0.718484,0.727028,0.744282,0.745617,0.738032
0.726662,0.727144,0.743866,0.745351,0.744847
0.731449,0.725698,0.742611,0.745024,0.729887
0.738464,0.7272770000000001,0.74242,0.745379,0.7476729999999999
0.739262,0.726363,0.74134,0.745229,0.735871
0.7382310000000001,0.728358,0.739437,0.744797,0.732879
0.732247,0.729455,0.736586,0.743312,0.7149270000000001
0.729621,0.730535,0.732696,0.742304,0.716755
0.723005,0.730735,0.7303189999999999,0.741041,0.714594
0.719382,0.729322,0.728258,0.739733,0.717753
0.7164229999999999,0.7273270000000001,0.727178,0.73863,0.7180850000000001
0.719581,0.7259140000000001,0.726529,0.7378819999999999,0.730718
0.723969,0.726795,0.726247,0.7373390000000001,0.738697
0.729721,0.726363,0.72682,0.7370680000000001,0.743351
0.734475,0.726928,0.726646,0.736536,0.7415229999999999
0.742586,0.7295050000000001,0.728931,0.7361260000000001,0.758644
0.761935,0.740758,0.735106,0.737977,0.8274600000000001
0.788098,0.756034,0.7432850000000001,0.740475,0.8695149999999999
0.818052,0.773886,0.752311,0.744842,0.8931180000000001
0.8479059999999999,0.79119,0.760256,0.749235,0.890791
0.8746010000000001,0.8085939999999999,0.7679600000000001,0.754316,0.8921209999999999
0.884375,0.823155,0.7745350000000001,0.758738,0.8763299999999999
0.8841760000000001,0.8361370000000001,0.781466,0.762877,0.868517
0.884076,0.8510639999999999,0.788713,0.768235,0.8926200000000001
0.8794549999999999,0.8636799999999999,0.795304,0.772324,0.8676860000000001
0.876862,0.8757309999999999,0.802618,0.7778649999999999,0.8791559999999999
0.87756,0.8809670000000001,0.810863,0.7837270000000001,0.87982
0.881649,0.882912,0.819473,0.7898270000000001,0.888963
0.8795879999999999,0.881832,0.827859,0.795484,0.8823139999999999
0.883444,0.8814489999999999,0.8363200000000001,0.800654,0.886968
0.884275,0.880568,0.8445809999999999,0.805496,0.8833110000000001
0.8832450000000001,0.880402,0.8517790000000001,0.809824,0.874668
0.8863700000000001,0.884009,0.860073,0.815647,0.904588
0.888863,0.884225,0.8676450000000001,0.820551,0.8947809999999999
0.888763,0.8861040000000001,0.874892,0.8255709999999999,0.8864690000000001
0.8897940000000001,0.887035,0.881383,0.830757,0.8884639999999999
0.893717,0.888481,0.884724,0.836735,0.894282
0.891323,0.8888459999999999,0.8858790000000001,0.842598,0.8926200000000001
0.893085,0.8909739999999999,0.886403,0.8488969999999999,0.90359
0.896975,0.892869,0.887159,0.8551700000000001,0.905918
0.899701,0.894747,0.887658,0.861303,0.9020940000000001
0.902227,0.8979719999999999,0.8891870000000001,0.8671760000000001,0.9069149999999999
0.903956,0.89764,0.890824,0.8725950000000001,0.9012629999999999
0.910306,0.901695,0.8929600000000001,0.8789950000000001,0.9353389999999999
0.9137629999999999,0.9053690000000001,0.8957360000000001,0.885051,0.9232049999999999
0.912733,0.906217,0.896626,0.889661,0.896941
0.912766,0.9074969999999999,0.8979889999999999,0.892315,0.9070809999999999
0.911536,0.9077459999999999,0.8982959999999999,0.8931680000000001,0.8951129999999999
0.9011969999999999,0.905751,0.8983629999999999,0.8928520000000001,0.8836440000000001
0.8961100000000001,0.9049370000000001,0.8989030000000001,0.893085,0.8977729999999999
0.896576,0.9046540000000001,0.899701,0.893323,0.8992690000000001
0.893783,0.903275,0.900623,0.893883,0.8931180000000001
0.8984040000000001,0.90497,0.9013049999999999,0.89554,0.918218
0.905718,0.903457,0.902576,0.896459,0.920213
0.912035,0.904072,0.9047209999999999,0.898515,0.9293549999999999
0.9166219999999999,0.9065989999999999,0.906408,0.89995,0.922207
0.9224399999999999,0.908112,0.907804,0.9013629999999999,0.922207
0.9191819999999999,0.9087930000000001,0.90827,0.9017950000000001,0.9019280000000001
0.91486,0.9102889999999999,0.90802,0.902338,0.8986040000000001
0.919481,0.915758,0.9103469999999999,0.9045209999999999,0.9524600000000001
0.9233049999999999,0.919963,0.912309,0.9064549999999999,0.9413229999999999
0.929953,0.9261969999999999,0.9147360000000001,0.909148,0.9554520000000001
0.940559,0.9298700000000001,0.9174200000000001,0.910827,0.954953
0.960838,0.9378489999999999,0.920653,0.914334,1.0
0.9637629999999999,0.941622,0.922847,0.9170209999999999,0.967088
0.975233,0.949269,0.927934,0.920695,0.9986700000000001
0.980984,0.955469,0.93179,0.923692,0.984209
0.9885639999999999,0.9645610000000001,0.9366770000000001,0.927033,0.9928520000000001
0.9883639999999999,0.974601,0.9424450000000001,0.930214,0.9990030000000001
0.9946139999999999,0.979189,0.947473,0.9332950000000001,0.998338
0.9901260000000001,0.9826799999999999,0.9513209999999999,0.935766,0.9762299999999999
0.969548,0.975266,0.950731,0.9349120000000001,0.881316
0.941157,0.96486,0.947365,0.933234,0.8508979999999999
0.916356,0.95236,0.945105,0.9312219999999999,0.875
0.8921209999999999,0.943368,0.9424950000000001,0.929687,0.8771610000000001
0.868517,0.929322,0.9392950000000001,0.9283959999999999,0.8582110000000001
0.8644950000000001,0.9170209999999999,0.9362450000000001,0.926867,0.861203
0.8637969999999999,0.9024770000000001,0.9335190000000001,0.925277,0.847407
0.858511,0.8874340000000001,0.931017,0.924108,0.84857
0.849934,0.871027,0.925108,0.921991,0.834275
0.8509639999999999,0.859741,0.9212100000000001,0.920795,0.8633639999999999
0.853258,0.858876,0.9170709999999999,0.920113,0.8726729999999999
0.8579120000000001,0.8608540000000001,0.9128569999999999,0.918528,0.8706780000000001
0.863298,0.8609040000000001,0.906632,0.9170379999999999,0.875499
0.873172,0.861553,0.90246,0.9155139999999999,0.8836440000000001
0.878856,0.8649100000000001,0.897116,0.9145,0.8917889999999999
0.885173,0.869215,0.8931180000000001,0.913902,0.9042549999999999
0.891323,0.874618,0.888547,0.9138850000000001,0.90143
0.9050860000000001,0.884192,0.885813,0.915409,0.944315
0.912434,0.892803,0.881915,0.9143399999999999,0.9203790000000001
0.9142950000000001,0.896576,0.878158,0.912999,0.9010969999999999
0.9139299999999999,0.899551,0.8792139999999999,0.9112309999999999,0.9024270000000001
0.912533,0.9019280000000001,0.881391,0.909214,0.8944479999999999
0.9019950000000001,0.903541,0.882222,0.905602,0.8916219999999999
0.8986040000000001,0.9055190000000001,0.8835360000000001,0.90348,0.903424
0.9018280000000001,0.908062,0.8864860000000001,0.9007649999999999,0.917221
0.901596,0.9077629999999999,0.888489,0.898,0.9012629999999999
0.906084,0.909309,0.891963,0.895468,0.9168879999999999
0.9084110000000001,0.9052030000000001,0.894697,0.8922760000000001,0.903258
0.9046540000000001,0.9016290000000001,0.897216,0.8884860000000001,0.884641
0.897008,0.899418,0.8979969999999999,0.8852450000000001,0.8789889999999999
0.894581,0.8980879999999999,0.8988200000000001,0.8855049999999999,0.8891290000000001
0.888065,0.8970739999999999,0.899501,0.886619,0.884309
0.88371,0.8960610000000001,0.8998010000000001,0.886835,0.881483
0.881915,0.893285,0.899402,0.886785,0.8756649999999999
0.8865360000000001,0.8917719999999999,0.899917,0.8882479999999999,0.9020940000000001
0.890126,0.8923540000000001,0.900058,0.889777,0.9070809999999999
0.8930520000000001,0.890559,0.899934,0.891495,0.8989360000000001
0.895379,0.889545,0.897374,0.8929799999999999,0.8931180000000001
0.8919549999999999,0.886935,0.894282,0.893789,0.8585440000000001
0.883078,0.884807,0.8921129999999999,0.8936,0.857713
0.867453,0.87879,0.888439,0.892143,0.8289559999999999
0.855352,0.874202,0.8856379999999999,0.8910680000000001,0.8384309999999999
0.841622,0.868501,0.882281,0.889367,0.824468
0.838664,0.865309,0.8792969999999999,0.8880370000000001,0.84375
0.8360700000000001,0.859574,0.8756729999999999,0.8864690000000001,0.8447469999999999
0.84365,0.8555520000000001,0.8739530000000001,0.885223,0.8668549999999999
0.8424870000000001,0.8489200000000001,0.8697389999999999,0.8829290000000001,0.8326129999999999
0.850133,0.845878,0.867711,0.880208,0.862699
0.855519,0.847091,0.8670129999999999,0.878552,0.8706780000000001
0.858511,0.847291,0.866049,0.877172,0.859707
0.867188,0.855419,0.8671040000000001,0.877432,0.9102389999999999
0.883976,0.863231,0.868717,0.8781690000000001,0.9165559999999999
0.8976059999999999,0.87387,0.871185,0.8794770000000001,0.930851
0.9114030000000001,0.883461,0.8743850000000001,0.880685,0.9396610000000001
0.926529,0.8925200000000001,0.8760469999999999,0.881289,0.9353389999999999
0.933876,0.900532,0.878042,0.882813,0.946975
0.9429190000000001,0.9134469999999999,0.881184,0.884309,0.9617690000000001
0.939328,0.918467,0.882173,0.8846299999999999,0.912899
0.914162,0.912783,0.8799370000000001,0.8822700000000001,0.81383
0.8886639999999999,0.907596,0.8774430000000001,0.879898,0.807846
0.857613,0.8957450000000001,0.875582,0.8766510000000001,0.791722
0.822074,0.882497,0.872864,0.87331,0.784076
0.791755,0.865542,0.869706,0.8693040000000001,0.761303
0.783278,0.84872,0.8660899999999999,0.8658299999999999,0.771443
0.772307,0.830485,0.861503,0.8608600000000001,0.752992
0.759907,0.80876,0.8546459999999999,0.8549479999999999,0.729721
0.751529,0.786802,0.850125,0.849723,0.742188
0.75143,0.7715920000000001,0.84503,0.8453129999999999,0.7608050000000001
0.74887,0.766074,0.8394280000000001,0.841982,0.758644
0.754488,0.7633979999999999,0.8354969999999999,0.8394280000000001,0.781084
0.7647609999999999,0.7623340000000001,0.829039,0.837832,0.781084
0.776629,0.764079,0.8232879999999999,0.8366020000000001,0.801529
0.789362,0.770396,0.817969,0.8366020000000001,0.824468
0.803557,0.776213,0.812467,0.836131,0.8296209999999999
0.809142,0.7818149999999999,0.80615,0.83494,0.809009
0.815824,0.790293,0.7995260000000001,0.833195,0.814495
0.81609,0.7963600000000001,0.7915810000000001,0.832203,0.802859
0.814096,0.801729,0.7866609999999999,0.8305959999999999,0.814495
0.813331,0.8084439999999999,0.787259,0.8291,0.8257979999999999
0.8205450000000001,0.814844,0.789121,0.8286129999999999,0.8450799999999999
0.8256979999999999,0.8207610000000001,0.7915479999999999,0.8262799999999999,0.840259
0.831383,0.823737,0.793908,0.8234379999999999,0.831283
0.8388629999999999,0.8264790000000001,0.798438,0.8208059999999999,0.8518950000000001
0.846842,0.8300860000000001,0.80315,0.81834,0.865691
0.8452129999999999,0.832879,0.807347,0.81506,0.836935
0.8383639999999999,0.832031,0.8111619999999999,0.810361,0.806017
0.8428190000000001,0.837101,0.8167300000000001,0.806754,0.853557
0.836835,0.837849,0.819789,0.803723,0.821975
0.828358,0.8376,0.8230219999999999,0.8040390000000001,0.823305
0.8308840000000001,0.8380489999999999,0.8264459999999999,0.80543,0.849568
0.838098,0.838231,0.8294959999999999,0.807109,0.842088
0.8330120000000001,0.837916,0.8308260000000001,0.808577,0.828125
0.838198,0.837517,0.8319979999999999,0.8114640000000001,0.8479059999999999
0.8459110000000001,0.837134,0.8336100000000001,0.8144779999999999,0.8618680000000001
0.8425860000000001,0.836735,0.834807,0.8171430000000001,0.832945
0.84006,0.8390790000000001,0.8355549999999999,0.820468,0.8294549999999999
0.8394950000000001,0.836253,0.836677,0.8232379999999999,0.825299
0.8261299999999999,0.8321639999999999,0.8350069999999999,0.8239139999999999,0.781084
0.814195,0.830053,0.8338260000000001,0.8253659999999999,0.802194
0.811403,0.826995,0.832522,0.8266290000000001,0.818983
0.811137,0.8255979999999999,0.831915,0.828197,0.828125
0.8164560000000001,0.827975,0.832945,0.8298760000000001,0.8518950000000001
0.8307180000000001,0.8284239999999999,0.8329700000000001,0.830807,0.8523940000000001
0.8440489999999999,0.8291219999999999,0.8331280000000001,0.8321139999999999,0.86885
0.8485370000000001,0.8299700000000001,0.833353,0.833195,0.8414229999999999
0.853358,0.832247,0.8356629999999999,0.8344530000000001,0.8522270000000001
0.854289,0.8353719999999999,0.8358129999999999,0.836242,0.856549
0.854089,0.842404,0.837284,0.8374719999999999,0.8513959999999999
0.847274,0.845662,0.837857,0.8377709999999999,0.834774
0.846975,0.847756,0.837375,0.8376,0.8399270000000001
0.8418549999999999,0.847606,0.8366020000000001,0.837145,0.8266290000000001
0.8293219999999999,0.8418049999999999,0.8348899999999999,0.835899,0.793883
0.822839,0.838464,0.8334440000000001,0.834802,0.818983
0.8141619999999999,0.8307180000000001,0.8299200000000001,0.832325,0.7913899999999999
0.80143,0.824202,0.8270860000000001,0.830303,0.776263
0.7874,0.814628,0.8234379999999999,0.828651,0.756483
0.7829119999999999,0.806117,0.8207450000000001,0.8259139999999999,0.771443
0.770678,0.796759,0.819581,0.823775,0.757813
0.753989,0.784076,0.814869,0.8199299999999999,0.7079449999999999
0.7462770000000001,0.773853,0.810805,0.8162010000000001,0.737699
0.745313,0.766356,0.8069810000000001,0.813187,0.7516619999999999
0.7387630000000001,0.760838,0.801321,0.8102060000000001,0.738697
0.723205,0.746941,0.7927029999999999,0.80461,0.68002
0.726695,0.7403420000000001,0.7855300000000001,0.800061,0.725399
0.729355,0.737816,0.7810090000000001,0.797329,0.750997
0.728042,0.736677,0.775652,0.794517,0.745096
0.7287399999999999,0.7337520000000001,0.769934,0.791747,0.742188
0.74134,0.732272,0.764515,0.790478,0.743019
0.743201,0.7349479999999999,0.759512,0.788229,0.734707
0.739279,0.734317,0.754085,0.785309,0.731383
0.734907,0.731474,0.748915,0.781812,0.723238
0.7279260000000001,0.728333,0.744585,0.776992,0.707281
0.722141,0.73174,0.739341,0.772382,0.714096
0.714495,0.7288479999999999,0.734595,0.766636,0.696476
0.702959,0.721119,0.729467,0.761046,0.6737029999999999
0.687666,0.711287,0.723982,0.754197,0.646775
0.677327,0.702626,0.7181890000000001,0.747498,0.6555850000000001
0.664362,0.6932510000000001,0.712762,0.740761,0.649269
0.653025,0.68376,0.709354,0.7342609999999999,0.639794
0.6510640000000001,0.6770109999999999,0.7056640000000001,0.728394,0.663896
0.65113,0.6693979999999999,0.700436,0.72241,0.647108
0.645612,0.661469,0.694901,0.7168800000000001,0.627992
0.64252,0.6534409999999999,0.692591,0.710708,0.63381
0.6393949999999999,0.6462100000000001,0.687529,0.705134,0.624169
0.6365689999999999,0.6438159999999999,0.6824680000000001,0.700917,0.649767
0.633245,0.642188,0.676737,0.696717,0.6304850000000001
0.637001,0.641307,0.671966,0.692562,0.646775
0.635206,0.638863,0.666057,0.688129,0.624834
0.635738,0.637566,0.660663,0.685425,0.6268279999999999
0.6380319999999999,0.637301,0.6571560000000001,0.682876,0.661237
0.642021,0.637633,0.653516,0.679502,0.650432
0.636602,0.6368020000000001,0.6491359999999999,0.675535,0.619681
0.637899,0.6365529999999999,0.644997,0.6739109999999999,0.631316
0.637999,0.636868,0.6415390000000001,0.670642,0.6273270000000001
0.6268279999999999,0.63243,0.638123,0.665788,0.605386
0.61373,0.627876,0.6350319999999999,0.66045,0.58494
0.60861,0.622606,0.6319560000000001,0.655513,0.594082
0.601263,0.619581,0.6292220000000001,0.650565,0.594581
0.5905590000000001,0.614279,0.625923,0.645202,0.573803
0.5912569999999999,0.609043,0.6231720000000001,0.6411180000000001,0.608876
0.595612,0.604671,0.621152,0.637234,0.606715
0.599069,0.6038399999999999,0.620321,0.634037,0.61137
0.601363,0.601313,0.618933,0.630436,0.606051
0.609574,0.600066,0.618467,0.6277149999999999,0.6148600000000001
0.613464,0.60236,0.617395,0.626202,0.628324
0.619282,0.6074470000000001,0.617661,0.625837,0.6358050000000001
0.6269279999999999,0.612999,0.617803,0.625637,0.649601
0.636203,0.618783,0.619182,0.625742,0.6524270000000001
0.644249,0.626912,0.620595,0.626252,0.655086
0.65133,0.632397,0.6207199999999999,0.626247,0.66373
0.658278,0.63878,0.621725,0.627028,0.670545
0.6626989999999999,0.644814,0.6243270000000001,0.6284850000000001,0.671709
0.667088,0.6516460000000001,0.626479,0.629837,0.6743680000000001
0.6714760000000001,0.657862,0.6289640000000001,0.631599,0.677028
0.6751,0.663215,0.632788,0.632668,0.681848
0.6741020000000001,0.66619,0.636818,0.633838,0.665559
0.673471,0.668085,0.6405420000000001,0.634563,0.668551
0.672606,0.669847,0.644315,0.63607,0.6700470000000001
0.6746340000000001,0.6730550000000001,0.649983,0.6380819999999999,0.687168
0.673338,0.674219,0.653308,0.6385529999999999,0.675366
0.676363,0.675233,0.6570060000000001,0.6395609999999999,0.680685
0.682912,0.678191,0.661503,0.642282,0.7012970000000001
0.694016,0.683311,0.667478,0.645423,0.725565
0.703457,0.689046,0.673454,0.648992,0.734375
0.715525,0.6944319999999999,0.678823,0.6533359999999999,0.735705
0.726828,0.701596,0.6838930000000001,0.658411,0.737201
0.729787,0.70635,0.687217,0.662478,0.71609
0.728424,0.71122,0.690534,0.666617,0.71875
0.725366,0.7144119999999999,0.693733,0.671459,0.719082
0.722507,0.719016,0.696617,0.675211,0.72141
0.72121,0.724019,0.699626,0.679344,0.730718
0.723903,0.726845,0.702518,0.683283,0.7295550000000001
0.725266,0.726845,0.705078,0.687267,0.725565
0.725765,0.725565,0.707306,0.690824,0.721576
0.72377,0.7231380000000001,0.708785,0.693595,0.711436
0.7245010000000001,0.722856,0.712226,0.6968810000000001,0.734375
0.726596,0.725249,0.7158,0.6998949999999999,0.740027
0.726695,0.725981,0.7186,0.702349,0.726064
0.726862,0.726313,0.720362,0.704593,0.722407
0.72859,0.72618,0.722598,0.706472,0.72008
0.73135,0.7279260000000001,0.7259720000000001,0.709059,0.7481720000000001
0.732945,0.7297710000000001,0.728308,0.7116020000000001,0.748005
0.7375,0.7320979999999999,0.729471,0.7140850000000001,0.748836
0.741888,0.734375,0.72997,0.716329,0.744348
0.743584,0.7360869999999999,0.729613,0.7178859999999999,0.728557
0.740957,0.736154,0.7295050000000001,0.720202,0.7350399999999999
0.73637,0.734658,0.729953,0.722086,0.725066
0.7321810000000001,0.7348399999999999,0.7304109999999999,0.724014,0.727892
0.72613,0.734009,0.730161,0.724911,0.714096
0.724402,0.733993,0.730086,0.726396,0.719914
0.720911,0.730934,0.72943,0.727626,0.717586
0.7166560000000001,0.726513,0.728142,0.727709,0.7037899999999999
0.708843,0.720512,0.726305,0.726485,0.68883
0.704422,0.715276,0.724825,0.725072,0.691988
0.69375,0.709076,0.722581,0.722767,0.666556
0.684408,0.7026600000000001,0.719407,0.7205560000000001,0.670878
0.677959,0.697307,0.715982,0.719071,0.671543
0.675499,0.692171,0.7135060000000001,0.7176640000000001,0.676529
0.671177,0.6877989999999999,0.710904,0.716041,0.670379
0.673371,0.683561,0.708777,0.7145779999999999,0.677527
0.672507,0.678457,0.704696,0.712439,0.666556
0.672473,0.675216,0.700864,0.7105,0.671376
0.670013,0.672756,0.696634,0.7084550000000001,0.664229
0.672573,0.671875,0.693575,0.707175,0.683178
0.676596,0.674983,0.69203,0.706715,0.6976399999999999
0.6835439999999999,0.678025,0.690342,0.705613,0.7012970000000001
0.690559,0.681516,0.689412,0.704494,0.706449
0.7039890000000001,0.687001,0.6895859999999999,0.704671,0.731383
0.714096,0.693334,0.690567,0.705048,0.7337100000000001
0.725765,0.70118,0.6923699999999999,0.706244,0.755984
0.736503,0.710023,0.69424,0.706472,0.754987
0.746376,0.718467,0.696842,0.7067319999999999,0.755818
0.752826,0.7284079999999999,0.7005819999999999,0.707225,0.76363
0.756416,0.735256,0.703565,0.707469,0.7516619999999999
0.754987,0.740376,0.70768,0.708145,0.748836
0.754189,0.745346,0.7116859999999999,0.708677,0.750997
0.751961,0.749169,0.715342,0.709331,0.744681
0.750499,0.7516619999999999,0.719332,0.710278,0.756316
0.751097,0.753757,0.723546,0.71163,0.754654
0.754854,0.75492,0.72805,0.71322,0.76762
0.756948,0.755568,0.732796,0.714683,0.761469
0.7568819999999999,0.754422,0.736444,0.7160350000000001,0.744348
0.751463,0.750981,0.739694,0.717381,0.729222
0.7456119999999999,0.748354,0.741805,0.718495,0.725399
0.7362029999999999,0.745529,0.7429520000000001,0.720296,0.7205779999999999
0.728524,0.742736,0.744041,0.722036,0.723072
0.725233,0.741057,0.745113,0.7239140000000001,0.727892
0.724934,0.7381979999999999,0.74493,0.725621,0.727726
0.723903,0.734757,0.744257,0.727283,0.720246
0.717753,0.726978,0.740949,0.727693,0.6898270000000001
0.7238359999999999,0.72618,0.740874,0.730591,0.753491
0.723172,0.724202,0.739312,0.732364,0.724568
0.71742,0.7211770000000001,0.736079,0.733522,0.698969
0.71732,0.720612,0.734483,0.734741,0.719747
0.729754,0.723753,0.734641,0.736553,0.751995
0.7331449999999999,0.728491,0.735613,0.738857,0.7704449999999999
0.7428859999999999,0.733029,0.737043,0.741085,0.773271
0.756516,0.7369680000000001,0.737583,0.742276,0.767121
0.765858,0.741589,0.738173,0.743368,0.766456
0.768584,0.749169,0.738073,0.743689,0.765625
0.769116,0.75113,0.7386550000000001,0.744293,0.773105
0.7694810000000001,0.756184,0.740193,0.7449359999999999,0.7751
0.769149,0.762832,0.742005,0.744997,0.765459
0.773504,0.7696810000000001,0.745146,0.746216,0.788231
0.7757310000000001,0.772158,0.747955,0.747146,0.776762
0.778457,0.773787,0.751139,0.7483380000000001,0.7867350000000001
0.782713,0.776097,0.754563,0.750061,0.796376
0.7868350000000001,0.777992,0.75748,0.751053,0.7860699999999999
0.788464,0.780984,0.7612869999999999,0.7524430000000001,0.796376
0.790691,0.783211,0.7661899999999999,0.753119,0.787899
0.789029,0.7837430000000001,0.767437,0.753685,0.778424
0.785705,0.784209,0.770196,0.754865,0.779754
0.7867350000000001,0.7867850000000001,0.774809,0.7569319999999999,0.791223
0.787201,0.787832,0.7787569999999999,0.759375,0.7987029999999999
0.788431,0.789561,0.780859,0.761824,0.794049
0.788165,0.788597,0.781192,0.763625,0.777094
0.787899,0.786802,0.781449,0.765309,0.778424
0.783045,0.78489,0.7814409999999999,0.766617,0.766955
0.779355,0.783278,0.782131,0.768617,0.780253
0.774967,0.781699,0.782455,0.77136,0.772108
0.7774270000000001,0.782796,0.78327,0.7725569999999999,0.789395
0.778989,0.7834439999999999,0.783826,0.774612,0.786237
0.782015,0.7825300000000001,0.784658,0.777383,0.782081
0.781981,0.780668,0.78425,0.7793939999999999,0.780086
0.7835770000000001,0.7792720000000001,0.784417,0.78033,0.780086
0.7815489999999999,0.779488,0.784043,0.780624,0.779255
0.781981,0.780485,0.783644,0.7811279999999999,0.7883979999999999
0.7800199999999999,0.781017,0.782954,0.7813,0.772274
0.780153,0.781067,0.782173,0.781776,0.780751
0.7815489999999999,0.782563,0.782131,0.7824909999999999,0.787068
0.7856380000000001,0.783594,0.783195,0.783378,0.799701
0.789295,0.7856380000000001,0.7845409999999999,0.7844300000000001,0.806682
0.7973399999999999,0.78868,0.785605,0.785998,0.8125
0.801795,0.790974,0.785821,0.786492,0.803025
0.805253,0.793401,0.7863359999999999,0.787411,0.804355
0.804787,0.7952130000000001,0.78735,0.787766,0.797374
0.806416,0.797856,0.789171,0.788381,0.8148270000000001
0.80738,0.8023600000000001,0.7916890000000001,0.789423,0.8173199999999999
0.8076800000000001,0.804737,0.792902,0.789694,0.804521
0.805751,0.805502,0.794033,0.789921,0.794714
0.80748,0.806134,0.794864,0.790841,0.806017
0.805086,0.805751,0.7956949999999999,0.791611,0.802859
0.802959,0.8051699999999999,0.796925,0.792127,0.806682
0.802261,0.80497,0.797972,0.792204,0.801031
0.793285,0.7995180000000001,0.796459,0.79073,0.749834
0.784674,0.796077,0.7956449999999999,0.790259,0.762965
0.771908,0.788497,0.793177,0.788946,0.739029
0.763863,0.783411,0.792886,0.78893,0.766456
0.74754,0.7749,0.7898189999999999,0.786902,0.7194149999999999
0.7449140000000001,0.769099,0.787301,0.785721,0.7367020000000001
0.740226,0.76245,0.784292,0.7840590000000001,0.739528
0.738049,0.7549779999999999,0.780365,0.7821229999999999,0.728142
0.731267,0.7475649999999999,0.776367,0.780472,0.7325470000000001
0.734491,0.741016,0.772993,0.778987,0.735539
0.733893,0.7394029999999999,0.769461,0.7774409999999999,0.7337100000000001
0.731499,0.735863,0.7659699999999999,0.775718,0.72756
0.731649,0.734849,0.7616729999999999,0.773734,0.7288899999999999
0.731915,0.731591,0.757501,0.772454,0.733876
0.732214,0.7333529999999999,0.7541260000000001,0.770997,0.737035
0.734043,0.7339680000000001,0.751533,0.769523,0.7428520000000001
0.738065,0.7347819999999999,0.748616,0.767789,0.7476729999999999
0.742819,0.7372340000000001,0.746106,0.765988,0.75266
0.74734,0.739628,0.743596,0.764121,0.756483
0.755153,0.743684,0.74235,0.763223,0.776097
0.757746,0.745894,0.742649,0.761605,0.755818
0.760938,0.749501,0.742682,0.76048,0.76363
0.7589100000000001,0.7508640000000001,0.742857,0.75807,0.74252
0.7555189999999999,0.75143,0.74151,0.7554770000000001,0.739528
0.7462770000000001,0.7507149999999999,0.742034,0.752989,0.729887
0.741057,0.749402,0.741685,0.7508229999999999,0.729721
0.734608,0.7477729999999999,0.7412770000000001,0.7483350000000001,0.731383
0.73002,0.7444649999999999,0.740849,0.745559,0.719581
0.725233,0.740376,0.740002,0.7425229999999999,0.715592
0.720213,0.733245,0.738464,0.7393149999999999,0.7047869999999999
0.711137,0.726097,0.735996,0.737132,0.684342
0.7029920000000001,0.7188,0.734151,0.734721,0.690658
0.693551,0.711785,0.731325,0.732499,0.672374
0.6847409999999999,0.704987,0.728208,0.729336,0.671543
0.678092,0.699152,0.724934,0.7277399999999999,0.671543
0.6754319999999999,0.693285,0.7213430000000001,0.7255510000000001,0.671044
0.672773,0.687882,0.717827,0.723479,0.6773600000000001
0.671509,0.68253,0.713497,0.72141,0.666057
0.6710109999999999,0.677876,0.709126,0.7192930000000001,0.669049
0.6695479999999999,0.67382,0.7035319999999999,0.716916,0.664229
0.670977,0.673205,0.699651,0.715065,0.678191
0.674269,0.673521,0.69616,0.7139409999999999,0.693816
0.679654,0.675582,0.693684,0.7127439999999999,0.6929850000000001
0.6893279999999999,0.6801699999999999,0.692578,0.712195,0.71742
0.708577,0.689063,0.6941069999999999,0.7129770000000001,0.760472
0.7256319999999999,0.6983050000000001,0.6957949999999999,0.7136640000000001,0.763464
0.741024,0.707646,0.697764,0.714434,0.770778
0.756117,0.7178859999999999,0.7002079999999999,0.71496,0.768451
0.7657579999999999,0.727543,0.702709,0.7152649999999999,0.765625
0.7695810000000001,0.739079,0.706449,0.715381,0.7795880000000001
0.773072,0.749352,0.711278,0.716218,0.780918
0.775332,0.758178,0.715849,0.7168329999999999,0.782081
0.7801859999999999,0.7681520000000001,0.721867,0.7185060000000001,0.792719
0.786403,0.77608,0.728125,0.7204119999999999,0.796709
0.791456,0.780519,0.734791,0.722911,0.804854
0.79365,0.783361,0.740833,0.724983,0.791888
0.7960109999999999,0.785672,0.746659,0.727067,0.793883
0.796044,0.788115,0.753,0.72951,0.792886
0.796509,0.791456,0.7595,0.732292,0.799036
0.7946810000000001,0.793068,0.766074,0.735322,0.795711
0.79887,0.7962600000000001,0.772806,0.7396050000000001,0.812832
0.804455,0.800233,0.779205,0.743977,0.821809
0.8097409999999999,0.802892,0.785522,0.748875,0.819315
0.81629,0.8064,0.7912399999999999,0.754217,0.831782
0.826097,0.810389,0.795454,0.7599899999999999,0.8447469999999999
0.825233,0.812051,0.797706,0.764572,0.808511
0.819681,0.812068,0.79887,0.768462,0.794049
0.817819,0.8137800000000001,0.8009470000000001,0.7732600000000001,0.8100069999999999
0.812733,0.814511,0.802984,0.777837,0.80635
0.8100069999999999,0.818052,0.80556,0.7834,0.831117
0.81486,0.820047,0.808153,0.788553,0.832779
0.827926,0.8238030000000001,0.812018,0.794071,0.859375
0.8446809999999999,0.83125,0.817071,0.800765,0.893783
0.861203,0.836968,0.821684,0.806483,0.888963
0.87377,0.841888,0.826139,0.810932,0.893949
0.8855049999999999,0.850183,0.831117,0.815198,0.8914559999999999
0.8913559999999999,0.859641,0.8358540000000001,0.819127,0.8886299999999999
0.8907579999999999,0.867719,0.84075,0.823205,0.890791
0.8910239999999999,0.876114,0.8453129999999999,0.82736,0.890293
0.8953129999999999,0.884541,0.851297,0.831887,0.915392
0.902194,0.89385,0.8569479999999999,0.8367190000000001,0.9258639999999999
0.906217,0.8987870000000001,0.861295,0.8409409999999999,0.9087430000000001
0.908278,0.899518,0.865384,0.8445530000000001,0.9010969999999999
0.909641,0.900332,0.86865,0.8479,0.897108
0.907646,0.9014790000000001,0.871684,0.851252,0.9054190000000001
0.9075469999999999,0.9048700000000001,0.8775270000000001,0.855701,0.925366
0.910306,0.9082610000000001,0.883951,0.8599899999999999,0.9225399999999999
0.916356,0.912317,0.890018,0.864605,0.93135
0.921642,0.915642,0.8958780000000001,0.868756,0.923537
0.9290889999999999,0.9183680000000001,0.9014540000000001,0.873654,0.9426530000000001
0.932414,0.9199799999999999,0.9069149999999999,0.877959,0.9419879999999999
0.9361700000000001,0.9232379999999999,0.911012,0.881943,0.9413229999999999
0.938464,0.9274100000000001,0.9134639999999999,0.886059,0.9428190000000001
0.9448139999999999,0.9332280000000001,0.9167799999999999,0.890176,0.9552860000000001
0.9482709999999999,0.93868,0.9200799999999999,0.894016,0.95994
0.9547209999999999,0.943567,0.924219,0.89954,0.9742350000000001
0.9575799999999999,0.946875,0.9275680000000001,0.904926,0.9556180000000001
0.9574799999999999,0.9479719999999999,0.9301450000000001,0.909336,0.94232
0.956184,0.950499,0.9330700000000001,0.914085,0.9488030000000001
0.9543879999999999,0.9513299999999999,0.9348489999999999,0.9180799999999999,0.9509639999999999
0.9486370000000001,0.951679,0.9358290000000001,0.9218360000000001,0.9454790000000001
0.9496680000000001,0.953624,0.9384309999999999,0.925216,0.9607709999999999
0.953757,0.9556180000000001,0.941514,0.927516,0.962766
0.9558180000000001,0.956001,0.944614,0.9298540000000001,0.959109
0.956117,0.955253,0.946966,0.9318040000000001,0.9524600000000001
0.9598399999999999,0.954239,0.948903,0.934225,0.964096
0.9618680000000001,0.9557680000000001,0.9513209999999999,0.936968,0.9709110000000001
0.965791,0.959774,0.953873,0.9400209999999999,0.9823799999999999
0.970678,0.963248,0.956873,0.9431290000000001,0.9835440000000001
0.9768950000000001,0.966506,0.958918,0.945401,0.9835440000000001
0.979621,0.9697309999999999,0.9607049999999999,0.9471299999999999,0.977726
0.978358,0.9701129999999999,0.9618680000000001,0.9489920000000001,0.9645940000000001
0.975432,0.970612,0.9631149999999999,0.951213,0.9677530000000001
0.973305,0.9719909999999999,0.963996,0.9537399999999999,0.9729059999999999
0.9690489999999999,0.972972,0.9641120000000001,0.955635,0.962267
0.9664229999999999,0.9730219999999999,0.9636299999999999,0.956943,0.9645940000000001
0.968118,0.9732379999999999,0.9645030000000001,0.958627,0.9730719999999999
0.9646610000000001,0.9700469999999999,0.96491,0.9592639999999999,0.950465
0.96747,0.9703870000000001,0.9668180000000001,0.9613780000000001,0.986951
0.968301,0.968675,0.967591,0.9621700000000001,0.9664229999999999
0.9688329999999999,0.967628,0.9686790000000001,0.9630129999999999,0.9672540000000001
0.965608,0.9668629999999999,0.9684879999999999,0.963533,0.9569479999999999
0.96368,0.9641709999999999,0.967391,0.963467,0.940824
0.952094,0.959782,0.965887,0.962591,0.9290229999999999
0.944082,0.956192,0.9645819999999999,0.9614719999999999,0.9263629999999999
0.93996,0.9543969999999999,0.963709,0.9605520000000001,0.946642
0.9392290000000001,0.952419,0.962828,0.960475,0.953291
0.940924,0.9523020000000001,0.961174,0.960708,0.9493020000000001
0.9480049999999999,0.95005,0.960219,0.9612280000000001,0.9644280000000001
0.9546209999999999,0.9493520000000001,0.9590129999999999,0.961511,0.959441
0.962766,0.951363,0.9594959999999999,0.962907,0.987367
0.965658,0.952443,0.9596530000000001,0.96314,0.9677530000000001
0.964794,0.952859,0.958515,0.9625469999999999,0.9449799999999999
0.9604389999999999,0.9542219999999999,0.957002,0.9619989999999999,0.9426530000000001
0.958777,0.956699,0.9564450000000001,0.9619540000000001,0.9511299999999999
0.9505979999999999,0.9566819999999999,0.9555389999999999,0.961367,0.946476
0.945844,0.955751,0.9540850000000001,0.960469,0.943983
0.949601,0.957197,0.95475,0.959849,0.9637629999999999
0.955918,0.9581780000000001,0.9541139999999999,0.9595379999999999,0.9742350000000001
0.962699,0.9607379999999999,0.955045,0.9595879999999999,0.9850399999999999
0.971576,0.961087,0.956225,0.960026,0.990858
0.9765959999999999,0.9612200000000001,0.956832,0.960176,0.969082
0.977759,0.96368,0.9582700000000001,0.9602370000000001,0.9695809999999999
0.974568,0.9652430000000001,0.9597319999999999,0.959749,0.9582780000000001
0.9695809999999999,0.96614,0.96142,0.959677,0.9601059999999999
0.9637969999999999,0.967686,0.962184,0.9595879999999999,0.961935
0.962866,0.9697309999999999,0.962741,0.9593,0.9644280000000001
0.959874,0.968816,0.963007,0.9594389999999999,0.9546209999999999
0.961303,0.967936,0.9630569999999999,0.9587209999999999,0.965426
0.9378989999999999,0.9537399999999999,0.957239,0.9546100000000001,0.8430850000000001
0.919049,0.941423,0.951255,0.951291,0.8676860000000001
0.8988700000000001,0.930868,0.946044,0.948177,0.8635309999999999
0.8796879999999999,0.919781,0.94173,0.94544,0.8587100000000001
0.859475,0.9103889999999999,0.937816,0.943285,0.8643620000000001
0.864395,0.9011469999999999,0.933644,0.9413290000000001,0.8676860000000001
0.868783,0.8939159999999999,0.930801,0.939428,0.8896280000000001
0.8770610000000001,0.887965,0.928848,0.937816,0.9049200000000001
0.8869020000000001,0.883295,0.926056,0.936436,0.907912
0.8952129999999999,0.877344,0.92264,0.934486,0.905918
0.902859,0.883627,0.9186840000000001,0.932702,0.905918
0.910472,0.8896280000000001,0.915525,0.9307129999999999,0.927693
0.915824,0.896443,0.9136549999999999,0.9295100000000001,0.931682
0.919215,0.9030590000000001,0.9114200000000001,0.92884,0.924867
0.922473,0.9088430000000001,0.909616,0.928158,0.922207
0.925,0.9139299999999999,0.907538,0.9270719999999999,0.918551
0.920013,0.915243,0.9045790000000001,0.925615,0.902759
0.9140290000000001,0.914927,0.9014459999999999,0.924208,0.9017620000000001
0.9138629999999999,0.916539,0.899917,0.922883,0.9240360000000001
0.90994,0.916207,0.896775,0.9204950000000001,0.902593
0.9037569999999999,0.914378,0.8990030000000001,0.917248,0.887633
0.900964,0.910489,0.900058,0.9138459999999999,0.888797
0.8983709999999999,0.9062,0.9013209999999999,0.91117,0.888797
0.8856719999999999,0.899767,0.9014129999999999,0.9075350000000001,0.8605389999999999
0.875964,0.8929520000000001,0.900898,0.904061,0.8540559999999999
0.8695809999999999,0.886669,0.900299,0.900582,0.855718
0.863065,0.882015,0.8986290000000001,0.897058,0.856217
0.857015,0.8776930000000001,0.89631,0.8935280000000001,0.8585440000000001
0.8573139999999999,0.8714930000000001,0.894016,0.890442,0.862035
0.8609379999999999,0.868451,0.892329,0.8873340000000001,0.872174
0.866489,0.868035,0.891207,0.8886799999999999,0.8834770000000001
0.8727389999999999,0.8679020000000001,0.8891950000000001,0.8893399999999999,0.887467
0.878158,0.8675860000000001,0.886893,0.890076,0.8856379999999999
0.886569,0.871941,0.8858540000000001,0.891589,0.9040889999999999
0.8982709999999999,0.879604,0.886278,0.8938,0.930685
0.9077459999999999,0.8871180000000001,0.886893,0.895905,0.930851
0.915625,0.8941819999999999,0.8880979999999999,0.8971459999999999,0.9268620000000001
0.9235040000000001,0.9008309999999999,0.8892620000000001,0.897817,0.925033
0.931616,0.909092,0.890293,0.899041,0.9446479999999999
0.93873,0.918501,0.893476,0.9010530000000001,0.9662569999999999
0.9425530000000001,0.92515,0.8965920000000001,0.9025209999999999,0.949967
0.947407,0.931516,0.899709,0.903302,0.9511299999999999
0.9534239999999999,0.938464,0.903025,0.904084,0.9551200000000001
0.951297,0.941456,0.906699,0.904388,0.934009
0.9426530000000001,0.9406909999999999,0.910148,0.904416,0.9230389999999999
0.9397610000000001,0.941157,0.9141370000000001,0.9049809999999999,0.9355049999999999
0.9361700000000001,0.941789,0.917985,0.9059950000000001,0.9331780000000001
0.9371010000000001,0.945263,0.923047,0.9079290000000001,0.959774
0.93391,0.9426030000000001,0.925848,0.9077290000000001,0.9180520000000001
0.930984,0.936818,0.92766,0.9079229999999999,0.9084110000000001
0.9233709999999999,0.931566,0.928358,0.90825,0.89744
0.916057,0.926114,0.928815,0.9085110000000001,0.896609
0.9083110000000001,0.9227059999999999,0.930585,0.909586,0.9210440000000001
0.9109709999999999,0.9224399999999999,0.931948,0.9119459999999999,0.93135
0.918251,0.924618,0.9326549999999999,0.9149709999999999,0.9448139999999999
0.930718,0.9270450000000001,0.9341010000000001,0.9184399999999999,0.959774
0.941622,0.92884,0.935314,0.9216040000000001,0.9511299999999999
0.9399270000000001,0.924119,0.9346909999999999,0.9234040000000001,0.912566
0.9370350000000001,0.924003,0.9333030000000001,0.925233,0.9168879999999999
0.9305190000000001,0.924385,0.930602,0.9265680000000001,0.912234
0.9174530000000001,0.9240860000000001,0.927826,0.926934,0.8944479999999999
0.9068149999999999,0.924219,0.9251659999999999,0.927283,0.8979389999999999
0.903142,0.921534,0.92212,0.9275680000000001,0.894199
0.899684,0.918359,0.9204,0.9274190000000001,0.899601
0.899584,0.9150520000000001,0.9198350000000001,0.926787,0.9117350000000001
0.899352,0.9084030000000001,0.917724,0.925535,0.893285
0.899418,0.9031170000000001,0.9159780000000001,0.924582,0.8982709999999999
0.899136,0.9011389999999999,0.9126290000000001,0.923507,0.8927860000000001
0.8949469999999999,0.897315,0.910659,0.921307,0.878657
0.887799,0.893692,0.9090379999999999,0.918298,0.8759969999999999
0.8852059999999999,0.892279,0.9081819999999999,0.915977,0.8803190000000001
0.8800530000000001,0.8897360000000001,0.906977,0.913356,0.8725069999999999
0.87613,0.887633,0.904584,0.910624,0.873172
0.874202,0.884574,0.901467,0.908458,0.869016
0.872174,0.8799870000000001,0.8975190000000001,0.906552,0.865858
0.8704120000000001,0.8778090000000001,0.893106,0.9044190000000001,0.871509
0.8692489999999999,0.8746510000000001,0.888884,0.9022020000000001,0.8666889999999999
0.8673870000000001,0.8717590000000001,0.8864489999999999,0.8990049999999999,0.8638629999999999
0.8674870000000001,0.8708440000000001,0.88408,0.897388,0.8695149999999999
0.8685510000000001,0.8703620000000001,0.882027,0.8961459999999999,0.8711770000000001
0.8674870000000001,0.868949,0.8806139999999999,0.8951049999999999,0.86619
0.865924,0.8675860000000001,0.878661,0.893847,0.858876
0.8615360000000001,0.864461,0.8760469999999999,0.8912100000000001,0.841922
0.858577,0.863032,0.8738030000000001,0.888655,0.854721
0.857447,0.862999,0.8714930000000001,0.8860120000000001,0.865525
0.8520280000000001,0.859757,0.868783,0.8819899999999999,0.839096
0.8483379999999999,0.857131,0.865891,0.8783,0.840426
0.843118,0.8523270000000001,0.862043,0.875075,0.815824
0.8298200000000001,0.844199,0.8575219999999999,0.8707860000000001,0.788231
0.8127989999999999,0.835123,0.852743,0.866392,0.780419
0.8012630000000001,0.8266459999999999,0.8477979999999999,0.862625,0.781416
0.769515,0.808926,0.838256,0.855416,0.681682
0.7428520000000001,0.792985,0.828723,0.84836,0.682513
0.726862,0.778341,0.820687,0.841982,0.708278
0.712533,0.762666,0.812832,0.835217,0.708777
0.699601,0.750432,0.805095,0.829333,0.716755
0.708045,0.73878,0.797955,0.823521,0.723903
0.7168220000000001,0.729837,0.791082,0.817974,0.726396
0.719348,0.723105,0.783652,0.812716,0.720911
0.721709,0.717121,0.776122,0.807535,0.7205779999999999
0.723604,0.7116020000000001,0.769124,0.802399,0.72623
0.723105,0.715575,0.762251,0.797363,0.72141
0.728524,0.722673,0.757829,0.793373,0.753491
0.7346739999999999,0.727011,0.752676,0.789461,0.7516619999999999
0.740193,0.730951,0.7468090000000001,0.785539,0.7481720000000001
0.7444149999999999,0.734009,0.742221,0.7814,0.74734
0.7490359999999999,0.73607,0.737425,0.777327,0.7445149999999999
0.747274,0.737899,0.7338680000000001,0.773354,0.744681
0.746476,0.740575,0.7318399999999999,0.769293,0.7476729999999999
0.744348,0.742271,0.729696,0.764838,0.737533
0.7429520000000001,0.743684,0.727643,0.760644,0.740359
0.747274,0.748155,0.731865,0.757552,0.766124
0.752959,0.750116,0.736395,0.755258,0.773105
0.75615,0.751313,0.739162,0.7522220000000001,0.76363
0.7636970000000001,0.754023,0.742487,0.749213,0.775266
0.775598,0.759275,0.746642,0.7479060000000001,0.799867
0.7821140000000001,0.764694,0.750382,0.7465149999999999,0.7987029999999999
0.787932,0.7704449999999999,0.7541720000000001,0.746061,0.802194
0.798637,0.7773939999999999,0.758984,0.747025,0.817154
0.80635,0.7850229999999999,0.7636470000000001,0.748138,0.81383
0.80881,0.792204,0.767944,0.749163,0.812168
0.812766,0.7974399999999999,0.772798,0.7537229999999999,0.818484
0.8150270000000001,0.8014789999999999,0.775798,0.7580899999999999,0.813497
0.813231,0.805934,0.778624,0.76142,0.808178
0.811802,0.809076,0.7815489999999999,0.764683,0.806682
0.8108380000000001,0.809824,0.78455,0.767703,0.807347
0.810372,0.811569,0.7881319999999999,0.770778,0.816157
0.807879,0.811453,0.790949,0.773266,0.801031
0.8039890000000001,0.80861,0.7930020000000001,0.775526,0.78873
0.79857,0.805186,0.7951050000000001,0.777493,0.7795880000000001
0.789162,0.8,0.7961020000000001,0.778629,0.760306
0.779122,0.794747,0.796094,0.7801140000000001,0.765957
0.77633,0.792104,0.7967920000000001,0.781233,0.787068
0.775133,0.789561,0.7977479999999999,0.78227,0.782746
0.776762,0.787666,0.798371,0.7835880000000001,0.787733
0.78484,0.7870010000000001,0.798413,0.785367,0.8006979999999999
0.793484,0.786303,0.798936,0.787522,0.809176
0.795013,0.785672,0.798562,0.78919,0.794714
0.7956449999999999,0.785389,0.797,0.790464,0.785904
0.796775,0.7867689999999999,0.795977,0.792326,0.793384
0.7971739999999999,0.791007,0.795504,0.794404,0.802693
0.796609,0.7950470000000001,0.7948970000000001,0.795745,0.80635
0.7979390000000001,0.7964760000000001,0.7942899999999999,0.796687,0.801363
0.798637,0.797141,0.793351,0.797545,0.789395
0.797606,0.797191,0.792429,0.797978,0.788231
0.795878,0.7965260000000001,0.791764,0.797784,0.794049
0.790824,0.793717,0.79001,0.797196,0.781084
0.785771,0.791855,0.788763,0.796326,0.776097
0.782247,0.790442,0.787916,0.794814,0.771775
0.7771939999999999,0.7874,0.787084,0.793118,0.762965
0.76998,0.782929,0.786968,0.791312,0.757979
0.767586,0.779205,0.787126,0.789666,0.769116
0.7684840000000001,0.7771279999999999,0.786802,0.788569,0.7805850000000001
0.775332,0.77879,0.7879649999999999,0.788497,0.806017
0.780419,0.7788069999999999,0.787999,0.787888,0.7883979999999999
0.786137,0.7780590000000001,0.787292,0.787195,0.786569
0.791523,0.779555,0.786636,0.786525,0.796044
0.7934180000000001,0.7809510000000001,0.786403,0.786159,0.79006
0.794049,0.784691,0.787566,0.786841,0.809176
0.802992,0.791705,0.789553,0.788625,0.8331120000000001
0.812001,0.7990689999999999,0.790999,0.7910020000000001,0.831616
0.814561,0.803042,0.7911239999999999,0.792431,0.808843
0.8202459999999999,0.806832,0.79198,0.793479,0.818484
